4.046767473220825195e+00
4.024488687515258789e+00
4.009499430656433105e+00
3.990873873233795166e+00
3.977293372154235840e+00
3.960682630538940430e+00
3.944791793823242188e+00
3.929540693759918213e+00
3.912949085235595703e+00
3.896107137203216553e+00
3.875427961349487305e+00
3.855110526084899902e+00
3.832804024219512939e+00
3.808896362781524658e+00
3.784020662307739258e+00
3.757941126823425293e+00
3.732814192771911621e+00
3.706379532814025879e+00
3.680346965789794922e+00
3.652787566184997559e+00
3.624999940395355225e+00
3.596987187862396240e+00
3.568030059337615967e+00
3.537199795246124268e+00
3.506694972515106201e+00
3.479322254657745361e+00
3.452636778354644775e+00
3.425089061260223389e+00
3.395021021366119385e+00
3.363037109375000000e+00
3.332432031631469727e+00
3.302658975124359131e+00
3.272734820842742920e+00
3.243091940879821777e+00
3.214080691337585449e+00
3.185630321502685547e+00
3.156706511974334717e+00
3.129387080669403076e+00
3.102037787437438965e+00
3.074853122234344482e+00
3.048583567142486572e+00
3.022441923618316650e+00
2.996659398078918457e+00
2.971341907978057861e+00
2.946878194808959961e+00
2.922820806503295898e+00
2.899230539798736572e+00
2.876289308071136475e+00
2.854173660278320312e+00
2.831471800804138184e+00
2.809461653232574463e+00
2.789485752582550049e+00
2.769069671630859375e+00
2.749526143074035645e+00
2.729519486427307129e+00
2.712580144405364990e+00
2.694751620292663574e+00
2.677842199802398682e+00
2.661373794078826904e+00
2.645666599273681641e+00
2.630837500095367432e+00
2.617332577705383301e+00
2.603064715862274170e+00
2.590999066829681396e+00
2.579693078994750977e+00
2.567723274230957031e+00
2.557635128498077393e+00
2.547991573810577393e+00
2.537763893604278564e+00
2.528055906295776367e+00
2.519940495491027832e+00
2.511681139469146729e+00
2.501829802989959717e+00
2.495489835739135742e+00
2.488017499446868896e+00
2.480070829391479492e+00
2.471743941307067871e+00
2.465030312538146973e+00
2.458190798759460449e+00
2.451653838157653809e+00
2.444480478763580322e+00
2.436695396900177002e+00
2.430158495903015137e+00
2.425056934356689453e+00
2.418956339359283447e+00
2.413152396678924561e+00
2.406127035617828369e+00
2.400827407836914062e+00
2.395520448684692383e+00
2.389565885066986084e+00
2.383600592613220215e+00
2.378982245922088623e+00
2.372526049613952637e+00
2.367439210414886475e+00
2.361550033092498779e+00
2.358527839183807373e+00
2.355008661746978760e+00
2.349408626556396484e+00
2.343960464000701904e+00
2.340082883834838867e+00
